000928604578
002365711917
003401751780
023044923524
024139796731
024700040865
028756769987
041775737713
042083552617
042967111928
045060654533
045062352810
045366367139
049261377975
053806549379
053834576678
054060359478
054655414807
058277013445
059589439359
059955680147
060034276134
061566546416
064798812197
065770805525
066241452654
069004761119
071860940913
076599534122
080103514740
083704939083
084907354253
086087028910
091217291510
091756165779
092484979823
100248530977
106136769252
109171709600
111404181919
112472691261
112657791844
114363075331
114773633814
118374316100
120952968356
121326853972
121457561292
125831447646
136941977027
141443842930
151261542300
153238352690
153909975763
165642864119
167966752141
178744626600
180060606036
183626765799
185307667441
186018054881
187928521526
188552929991
188580781645
197726340368
202621060708
204704951418
208712121806
211122164168
214471627259
217277480227
219065919789
222193955427
226012830190
229532552999
231265450797
231914899042
232810129667
234159168154
244958302947
247052939069
251718860266
252855055641
253024541533
254540291431
254588891835
256076488543
260602324847
261253996533
262889631802
267176191846
268130631818
268619706205
268781365876
271275436050
271753458162
277901558415
280870492470
289800443756
291391130788
293180404553
294567663129
295016727464
300592508005
301684574651
302793761850
307175972007
320877094064
323426006760
323802103474
327081033632
328238010166
329020582682
332071080737
336254821072
338044765203
344678896553
348414629041
350619735156
354575036732
355621930344
356959818208
357778112087
357929756376
366217649058
368824318008
371514255231
372131348524
376524195458
383185491743
385192302689
385264917752
385346196653
387287441445
393816867243
395179808276
395236005026
398142600061
398558087177
416181154166
417050388126
417632231328
420639760093
424669872099
426982848248
433339126986
434138287850
436872519973
437946921517
440391497156
442942058755
448311138761
448784306907
456487761126
460151482535
462734986981
463951230351
464286169485
465856819780
467182520133
467560830515
471176887411
480562590823
484350060770
485450849347
485690123079
486215977686
487367697357
493980832175
497584300452
505173050228
508510288597
511587102221
514657195171
514993837722
517295686160
519166212725
532978623999
541589084637
543124932734
545328702014
545329151103
545609637171
550090414063
550558754284
551867850074
553075466897
553859050930
560462210562
575835057289
585845619471
586162360608
586276223037
586746028137
587174233256
587615792110
587837198553
588794348719
592919620913
595009925352
599069043765
600656410331
613904931467
615875458684
620276327821
627827511090
630246526168
633085481745
637604939990
639448530779
640447313345
641625015724
645058358793
655665362958
657871831820
658193928315
663237719490
663421985926
692124704592
692651044744
694283863869
694959481311
695746700064
698238050433
702601669040
703301563641
703945836890
704411366443
705721941027
706566774877
706622005099
711970731028
719838150068
723651683901
735985900007
736384702727
739883411103
741391598402
743397477448
749413198799
751503505215
755823256034
758080102325
768187961933
773738084908
774469825922
781204942244
784510120425
786392875190
789358484986
789897279711
791826680910
792189711174
794123750653
795729271349
797982941517
803382277810
803813156102
804337130874
815506245191
823199917505
830201068521
831994023503
832077700054
833254562002
836860439671
839763603522
841337331932
848843633737
852094555258
854473182333
855136105683
865793026488
868413670592
876224653878
892531283133
893347245171
898628891206
900052373477
904880203774
909255138579
909303809604
910455497505
912648016372
912878941961
915844640641
918439853046
926983381032
934676248949
934694025366
935131550767
937747845788
939526887479
939946074760
941225858936
943188288076
944407605087
951544054333
954693777957
957406963901
962025970468
964214137428
967702606073
970386504547
975172936622
976777021492
984682172222
989766181581
996472413809
996957331801
